1.933399999999999563e-01 5.604882759605418485e-01 1.723999999999999977e-01 5.053000787564730922e-01 1.918999999999999595e-01 5.461828766892256048e-01
8.986000000000005095e-02 2.969081252796116899e-01 8.169999999999999485e-02 2.709473902829658276e-01 8.550000000000002043e-02 2.832672327751737384e-01
6.784000000000001140e-02 2.268707797462804487e-01 6.250000000000000000e-02 2.111756128606206984e-01 6.399999999999994582e-02 2.179902738010988383e-01
5.700000000000005063e-02 1.904672065350649368e-01 5.249999999999999112e-02 1.809324819629751224e-01 5.430000000000001492e-02 1.858559702149974735e-01
5.001999999999995339e-02 1.658340211873614578e-01 4.710000000000003073e-02 1.617780758878480385e-01 4.900000000000004352e-02 1.659454411323445233e-01
4.457999999999995300e-02 1.483537994700521445e-01 4.369999999999996110e-02 1.491361401181144630e-01 4.639999999999999680e-02 1.524812988132537295e-01
3.993999999999997552e-02 1.331258614203186252e-01 4.000000000000003553e-02 1.379762261981728189e-01 4.259999999999997122e-02 1.407408108207884034e-01
3.602000000000005198e-02 1.219357919556463415e-01 3.759999999999996678e-02 1.300689003236390473e-01 4.049999999999998046e-02 1.327043044386796711e-01
3.300000000000002931e-02 1.126455701375556756e-01 3.539999999999998703e-02 1.235786223686950736e-01 3.859999999999996767e-02 1.263393990513687615e-01
3.024000000000004462e-02 1.039876012015846091e-01 3.310000000000001830e-02 1.174792882976334329e-01 3.629999999999999893e-02 1.201856392997098927e-01
